1 10 20
100 200 125
201 210 89
900 1000 174
2000 2345 183
30000 50000 324
6570 7516 257
3383 5196 238
14075 1692 276
775 14752 276
7245 10561 260
5733 3808 236
1738 10792 262
920 4123 238
7032 9772 260
9169 14817 276
4100 10661 262
459 717 171
621 452 142
84 973 179
912 909 42
363 834 171
85 749 171
140 637 144
490 282 144
37 473 144
130 515 144
842 501 171
99 375 144
586 481 142
977 46 179
435 24 144
154 1000 179
201 906 179
215 671 145
604 133 144
141 355 144
297 832 171
791 837 135
137 460 144
582 814 171
561 949 179
152 642 144
248 939 179
91 95 106
60 99 119
42 56 113
111 912 179
207 497 144
279 715 171
264 982 179
501 983 179
140 525 144
186 345 144
429 476 129
760 846 153
499 799 171
103 381 144
965 995 143
647 982 179
694 936 179
796 942 179
302 522 144
956 994 143
720 822 153
10 1 20
200 100 125
210 200 89
1000 900 174
2345 2000 183
50000 30000 324
7516 6570 257
5196 3383 238
1692 14075 276
14752 775 276
10561 7245 260
3808 5733 236
10792 1738 262
4123 920 238
9772 7032 260
14817 9169 276
10661 4100 262
717 459 171
452 621 142
973 84 179
909 912 42
834 363 171
749 85 171
637 140 144
282 490 144
473 37 144
515 130 144
501 842 171
375 99 144
481 586 142
46 977 179
24 435 144
1000 154 179
906 201 179
671 215 145
133 604 144
355 141 144
832 297 171
837 791 135
460 137 144
814 582 171
949 561 179
642 152 144
939 248 179
95 91 106
99 60 119
56 42 113
